Jeremy Chan
EECS 338
HW #5
October 18, 2017

1. Output:
19.88 -7.76 7.95 -5.27 3.67 
19.88 -7.76 7.95 -5.27 3.67 
-7.76 3.03 -3.10 2.06 -1.43 
19.88 7.95 37.99 -7.76 7.95 -5.27 3.67 
-7.76 -73.98 -7.76 49.96 3.03 -3.10 15.89 -27.48 
-3.10 -73.98 3.03 144.06 -97.27 3.18 2.06 -2.11 1.47 
-3.10 -5.27 2.06 -1.43 
7.95 2.06 -1.43 
-3.10 3.18 -2.11 7.95 -3.10 3.18 -30.95 -2.11 1.47 
1.47 
-5.27 2.06 -2.11 1.40 -2.11 -0.97 
1.40 -0.97 -5.27 
3.67 2.06 53.51 
3.67 49.96 -2.11 -97.27 1.40 65.68 -0.97 
-1.43 -1.43 1.47 1.47 20.90 -0.97 -36.13 -0.97 
15.89 -30.95 20.90 6.65 -11.49 
-27.48 0.68 
3.67 53.51 0.68 
-36.13 -11.49 19.88 
-1.43 1.47 -0.97 0.68 
min = -97.27

(Quad core computer is used, hence why results appear 4 times)

2. jeremy@thinkbae:~/Documents/EECS_338/hw5$ ./problem2
37.99 -73.98 49.96 15.89 19.88 -7.76 -27.48 
-73.98 7.95 144.06 -97.27 -30.95 -5.27 53.51 
49.96 -97.27 65.68 20.90 3.67 -36.13 

15.89 -30.95 20.90 -7.76 6.65 -11.49 
-27.48 53.51 -36.13 -11.49 19.88 
3.03 -3.10 2.06 -1.43 
7.95 -3.10 3.18 -2.11 1.47 
-5.27 2.06 -2.11 1.40 -0.97 
3.67 -1.43 1.47 -0.97 0.68 
min = -97.27 

3. 
jeremy@thinkbae:~/Documents/EECS_338/hw5$ ./problem3
19.88 -7.76 7.95 -5.27 3.67 
-7.76 3.03 -3.10 2.06 -1.43 
7.95 -3.10 3.18 -2.11 1.47 
-5.27 2.06 -2.11 1.40 -0.97 
3.67 -1.43 1.47 -0.97 0.68 
37.99 -73.98 49.96 15.89 -27.48 
-73.98 144.06 -97.27 -30.95 53.51 
49.96 -97.27 65.68 20.90 -36.13 
15.89 -30.95 20.90 6.65 -11.49 
-27.48 53.51 -36.13 -11.49 19.88 
min= -97

4.
